EMP96743
EMP54272
EMP34614
EMP60193
EMP22884
E-123456789
1601
3898
3896
61228
61197
61196
61195
61182
61181
61226
61225
61224
61223
61222
61221
61220
61219
61218
61217
61216
3501
1001
1819
1818
1817
1816
1814
1813
1811
1805
1804
1803
1554
1548
1600
1599
1598
1587
1583
1579
1577
1576
1575
1537
1514
1506
1368
2604
2601
1810
1809
1723
1722
1721
1720
1719
1717
1716
1714
1710
1709
1707
1702
1511
1340
1115
2802
2303
2203
1573
1572
1568
1564
1563
1562
1561
1560
1555
1552
1542
1540
1538
1031
2010
2008
1801
1380
1379
1377
1376
1375
1374
1373
1372
1370
1366
1365
1364
1363
1362
1361
1357
1356
1346
1344
1342
1337
1335
1327
1323
1319
1318
1317
1315
1314
1313
1311
1310
1307
1305
3131
3128
3127
3125
3124
3122
3120
3119
3118
3116
3114
3104
3102
3008
3007
3006
3004
3003
3002
3854
2509
2313
2003
1597
1596
1592
1586
1580
1571
1545
1507
1505
1504
1320
1164
1163
1161
1159
1158
1157
1155
1153
1152
1151
1148
1132
1126
1120
1119
1117
1112
1109
1107
1106
1103
1102
1003
2115
2707
2705
3011
2916
2915
2914
2912
2911
2907
2906
2904
1528
1526
3708
3707
3655
3654
3653
3651
3648
3647
3646
3645
3644
3643
3642
3616
3608
1914
1912
1911
1910
1908
1907
1905
1904
1903
1902
1901
1549
3530
3529
3528
3527
3525
3520
3514
3507
3506
3505
3504
2810
2809
2808
2515
2513
2512
2506
2415
2414
2413
2409
2207
2202
2114
2110
2108
2105
2102
2009
1034
1033
1032
1030
1028
1026
1018
1005
1595
1594
1593
1584
1544
1543
1021
3518
3404
3403
3401
3894
3893
3892
3891
3890
3888
3887
3885
3884
3883
3879
3876
3875
3872
3871
3866
3863
3861
3856
3855
3846
3844
3831
3825
3823
3822
3816
3814
3813
3807
3804
3517
1006
2320
2319
2318
2315
2314
2305
2208
3704
10591
